Nokia NetAct discovery vs PrimeNet metadata
==================================================
MRBTS: api=1726 meta=1734 both=1190 api_only=536 meta_only=544

MRBTS — API only (536):
  2230
  50301
  50302
  50304
  50306
  50308
  50309
  50313
  50314
  50315
  50319
  50326
  50331
  50332
  50334
  50343
  50355
  50426
  50439
  50452
  50605
  50612
  50636
  50678
  50702
  50707
  50719
  50726
  50742
  50750
  50763
  50764
  50772
  50774
  50779
  50788
  50798
  50801
  50803
  50809
  50818
  50821
  50822
  50824
  50825
  50826
  50838
  50841
  50845
  50846
  50851
  50859
  50869
  50870
  50881
  50885
  50886
  51001
  51002
  51003
  51017
  51021
  51025
  51027
  51030
  51031
  51055
  51130
  51132
  51134
  51136
  51137
  51143
  51157
  51166
  51175
  51191
  51301
  51304
  51305
  51308
  51310
  51312
  51313
  51314
  51316
  51319
  51320
  51321
  51322
  51324
  51326
  51330
  51331
  51333
  51335
  51336
  51338
  51339
  51344
  51351
  51404
  51407
  51410
  51413
  51416
  51418
  51422
  51423
  51429
  51436
  51437
  51451
  51456
  51467
  51468
  51476
  51477
  51480
  51481
  51485
  51493
  51509
  51561
  51570
  51573
  51588
  51701
  51705
  51712
  51714
  51715
  51716
  51717
  51718
  51719
  51720
  51722
  51723
  51724
  51725
  51726
  51727
  51730
  51735
  51738
  51745
  51746
  51762
  51764
  51765
  51925
  51928
  52302
  52304
  52305
  52306
  52307
  52308
  52309
  52311
  52312
  52315
  52317
  52318
  52319
  52320
  52325
  52327
  52330
  52331
  52332
  52333
  52334
  52336
  52337
  52341
  52342
  52350
  52351
  52352
  52354
  52401
  52402
  52403
  52404
  52406
  52407
  52408
  52409
  52410
  52411
  52413
  52417
  52418
  52423
  52424
  52425
  52427
  52428
  52430
  52431
  52432
  52434
  52435
  52436
  52437
  52438
  52439
  52443
  52444
  52445
  52446
  52447
  52448
  52450
  52451
  52452
  52453
  52454
  52456
  52700
  52701
  52702
  52703
  52704
  52706
  52708
  52709
  52710
  52711
  52712
  52713
  52715
  52719
  52724
  52727
  52738
  52756
  52760
  52801
  52808
  52809
  52810
  52816
  52819
  52820
  52822
  52831
  52834
  52835
  52837
  52840
  52844
  52846
  52853
  52859
  52860
  52866
  52868
  52882
  52901
  52905
  52906
  52910
  52912
  52915
  52919
  52920
  52922
  52923
  52924
  52927
  52929
  52931
  52932
  52933
  52935
  52936
  52937
  52938
  52939
  52940
  52942
  52943
  52945
  52946
  52947
  52949
  52951
  52952
  52953
  52954
  52955
  52965
  52971
  52973
  52974
  52975
  52976
  52977
  52978
  52983
  52984
  52985
  52990
  52991
  53110
  53120
  53121
  53125
  53135
  53136
  53144
  53150
  53151
  53153
  53308
  53317
  53318
  53335
  53339
  53349
  53368
  53373
  53374
  53377
  53401
  53404
  53406
  53446
  53457
  53465
  53469
  53491
  53492
  53494
  53497
  53706
  53755
  53817
  54203
  54204
  54207
  54208
  54210
  54213
  54215
  54220
  54221
  54229
  54231
  54302
  54307
  54308
  54314
  54315
  54317
  54321
  54325
  54332
  54333
  54335
  54340
  54347
  54362
  54403
  54405
  54408
  54410
  54411
  54413
  54421
  54426
  54439
  54440
  54442
  54443
  54445
  54454
  54457
  54460
  54463
  54464
  54469
  54471
  54474
  54475
  54480
  54481
  54482
  54485
  54519
  54527
  54546
  54553
  54571
  54580
  54593
  54594
  54595
  54601
  54602
  54608
  54610
  54611
  54612
  54615
  54616
  54621
  54622
  54623
  54625
  54626
  54629
  54632
  54633
  54634
  54636
  54640
  54643
  54644
  54645
  54646
  54648
  54650
  54651
  54653
  54655
  54660
  54664
  54665
  54669
  54677
  54678
  54679
  54680
  54681
  54682
  54684
  54688
  54689
  54690
  54692
  54694
  54695
  54729
  54747
  54751
  54752
  54782
  54785
  54791
  54795
  54798
  54799
  55203
  55205
  55206
  55207
  55209
  55210
  55212
  55214
  55217
  55218
  55219
  55220
  55221
  55222
  55228
  55231
  55232
  55235
  55239
  55240
  55248
  55249
  55250
  55265
  55268
  55269
  55271
  55272
  55274
  55275
  55276
  55277
  55620
  55773
  55803
  55821
  55833
  55837
  55847
  55853
  55855
  55872
  55873
  55876
  55881
  55883
  55890
  55891
  55892
  56003
  56006
  56009
  56035
  56049
  56079
  56081
  56089
  56090
  56091
  56095
  56096
  56097
  56107
  56108
  56109
  56112
  56113
  56119
  56120
  56149
  56207
  56283
  56286
  56382
  56413
  56518
  56538
  56545
  56548
  56552

MRBTS — Metadata only (544):
  301
  302
  304
  306
  308
  309
  313
  314
  315
  319
  326
  331
  332
  334
  343
  355
  426
  439
  452
  605
  612
  636
  678
  702
  707
  719
  726
  742
  750
  763
  764
  772
  774
  779
  788
  798
  801
  803
  809
  818
  821
  822
  824
  825
  826
  838
  841
  845
  846
  851
  859
  869
  870
  881
  885
  886
  999
  1001
  1002
  1003
  1017
  1021
  1025
  1027
  1030
  1031
  1055
  1130
  1132
  1134
  1136
  1137
  1143
  1157
  1166
  1175
  1191
  1200
  1301
  1304
  1305
  1308
  1310
  1312
  1313
  1314
  1316
  1319
  1320
  1321
  1322
  1324
  1326
  1330
  1331
  1333
  1335
  1336
  1338
  1339
  1344
  1351
  1404
  1407
  1410
  1413
  1416
  1418
  1422
  1423
  1429
  1436
  1437
  1451
  1456
  1467
  1468
  1476
  1477
  1480
  1481
  1485
  1493
  1509
  1561
  1570
  1573
  1588
  1701
  1705
  1707
  1712
  1714
  1715
  1716
  1717
  1718
  1719
  1720
  1722
  1723
  1724
  1725
  1726
  1727
  1728
  1730
  1735
  1736
  1738
  1739
  1740
  1741
  1742
  1744
  1745
  1746
  1748
  1762
  1764
  1765
  1925
  1928
  2302
  2304
  2305
  2306
  2307
  2308
  2309
  2311
  2312
  2315
  2317
  2318
  2319
  2320
  2325
  2327
  2330
  2331
  2332
  2333
  2334
  2336
  2337
  2341
  2342
  2350
  2351
  2352
  2354
  2401
  2402
  2403
  2404
  2406
  2407
  2408
  2409
  2410
  2411
  2413
  2417
  2418
  2423
  2424
  2425
  2427
  2428
  2430
  2431
  2432
  2434
  2435
  2436
  2437
  2438
  2439
  2443
  2444
  2445
  2446
  2447
  2448
  2450
  2451
  2452
  2453
  2454
  2456
  2700
  2701
  2702
  2703
  2704
  2706
  2708
  2709
  2710
  2711
  2712
  2713
  2715
  2719
  2724
  2727
  2738
  2756
  2760
  2801
  2808
  2809
  2810
  2816
  2819
  2820
  2822
  2831
  2834
  2835
  2837
  2840
  2844
  2846
  2853
  2859
  2860
  2866
  2868
  2882
  2901
  2905
  2906
  2910
  2912
  2915
  2919
  2920
  2922
  2923
  2924
  2927
  2929
  2931
  2932
  2933
  2935
  2936
  2937
  2938
  2939
  2940
  2942
  2943
  2945
  2946
  2947
  2949
  2951
  2952
  2953
  2954
  2955
  2965
  2971
  2973
  2974
  2975
  2976
  2977
  2978
  2983
  2984
  2985
  2990
  2991
  3061
  3110
  3120
  3121
  3125
  3135
  3136
  3144
  3150
  3151
  3153
  3209
  3308
  3317
  3318
  3335
  3339
  3368
  3373
  3374
  3377
  3401
  3404
  3406
  3446
  3457
  3465
  3469
  3491
  3492
  3494
  3497
  3706
  3755
  3817
  4141
  4203
  4204
  4207
  4208
  4210
  4213
  4215
  4220
  4221
  4229
  4231
  4302
  4307
  4308
  4314
  4315
  4317
  4321
  4325
  4332
  4333
  4335
  4340
  4347
  4362
  4406
  4408
  4410
  4411
  4413
  4429
  4433
  4438
  4439
  4443
  4445
  4457
  4460
  4461
  4463
  4469
  4471
  4474
  4475
  4485
  4487
  4494
  4519
  4527
  4546
  4553
  4571
  4580
  4593
  4594
  4595
  4601
  4602
  4608
  4610
  4611
  4612
  4615
  4616
  4621
  4622
  4623
  4625
  4626
  4629
  4632
  4633
  4634
  4636
  4640
  4643
  4644
  4645
  4646
  4648
  4650
  4651
  4653
  4655
  4660
  4664
  4665
  4669
  4677
  4678
  4679
  4680
  4681
  4682
  4684
  4688
  4689
  4690
  4692
  4694
  4695
  4729
  4747
  4751
  4752
  4782
  4785
  4791
  4795
  4798
  4799
  5203
  5205
  5206
  5207
  5209
  5210
  5212
  5214
  5217
  5218
  5219
  5220
  5221
  5222
  5228
  5231
  5232
  5235
  5239
  5240
  5248
  5249
  5250
  5265
  5268
  5269
  5271
  5272
  5274
  5275
  5276
  5277
  5620
  5803
  5821
  5833
  5837
  5847
  5853
  5855
  5872
  5873
  5876
  5881
  5883
  5890
  5891
  5892
  5904
  5914
  6003
  6006
  6009
  6035
  6049
  6079
  6081
  6089
  6090
  6091
  6095
  6096
  6097
  6107
  6108
  6109
  6112
  6113
  6119
  6120
  6149
  6207
  6283
  6286
  6382
  6413
  6518
  6538
  6545
  6548
RNC: api=4 meta=4 both=4 api_only=0 meta_only=0
BSC: api=3 meta=3 both=3 api_only=0 meta_only=0